0.2463687286034
0.25331915596808
0.2603792960781
0.26755062217624
0.27483471475984
0.282233268286
0.28974809827109
0.29738114881152
0.30513450055509
0.31301037915502
0.32101116424033
0.32913939894726
0.3373978000372
0.34578926866836
0.35431690185511
0.36298400467612
0.37179410329025
0.38075095882651
0.38985858222059
0.39912125007794
0.40854352165158
0.4181302570317
0.42788663665433
0.43781818224776
0.4479307793476
0.45823070152614
0.46872463649679
0.47941971427274
0.49032353757851
0.50144421473605
0.51279039527177
0.52437130852031
0.53619680553253
0.54827740463258
0.56062434101017
0.57324962078195
0.58616608000982
0.59938744922579
0.61292842408364
0.62680474283878
0.64103327145057
0.65563209720868
0.67062063190864
0.68601972574487
0.70185179325524
0.71814095284413
0.73491318163551
0.75219648767026
0.77002110176951
0.78841969174729
0.80742760208188
0.82708312265889
0.84742779079644
0.86850673147378
0.89036904153293
0.91306822464037
0.9366626850185
0.96121628943351
0.98679900871668
1.
